807 216
808 250
810 283
813 317
821 349
838 379
863 403
895 421
932 426
970 423
998 406
1020 384
1035 357
1042 328
1048 298
1053 268
1058 238
836 194
852 175
877 169
903 173
928 184
963 186
986 180
1011 181
1034 192
1043 216
947 207
948 228
949 249
949 271
915 287
929 291
944 296
957 294
969 292
861 215
875 205
892 206
905 217
890 218
874 217
977 224
993 216
1009 218
1021 230
1008 230
993 228
881 331
901 317
922 314
939 318
956 317
975 325
990 343
972 357
953 362
935 361
917 358
897 348
889 331
921 324
938 326
955 327
983 341
954 346
936 347
919 343
